0	1.11945	0.399362	0.200788	-0.0372845	0.0496807	-1.95976	0.0297989	0.0319213	0.0295017	0.048875	0.0527129	0.0480798	
0	1.11945	0.399362	0.200788	-0.0372845	0.0496807	-1.95976	0.0297989	0.0319213	0.0295017	0.048875	0.0527129	0.0480798	
1	1.10217	0.405084	0.203419	-0.0281499	0.0542226	-1.98319	0.0269272	0.0253688	0.0265656	0.0531505	0.0485435	0.0507267	
2	1.09951	0.401699	0.209945	-0.03313	0.0232198	-1.9883	0.0296613	0.0258104	0.0291534	0.0587389	0.0347623	0.0546108	
3	1.09893	0.398641	0.208458	-0.0302647	0.021295	-1.99011	0.0266246	0.0275748	0.0304066	0.0647731	0.036179	0.0618552	
4	1.08939	0.411089	0.2041	-0.0337122	0.0173577	-1.96341	0.0141299	0.00858943	0.0324889	0.0751856	0.0385599	0.00978434	
5	1.09252	0.406654	0.185232	0.0071375	-0.00676016	-1.96052	0.0148425	0.00662654	0.030179	0.0681381	0.0343086	0.00979763	
6	1.09273	0.406514	0.185512	0.00842157	-0.00609869	-1.96083	0.0112042	0.00740781	0.00481858	0.0130358	0.00689191	0.0118812	
7	1.09383	0.40619	0.187125	0.0130422	-0.00477976	-1.96127	0.0026076	0.00216191	0.0050334	0.0142682	0.00698561	0.00208566	
8	1.09338	0.406696	0.186943	0.0115067	-0.00424549	-1.96077	0.00326092	0.00179152	0.00616034	0.0170833	0.00643044	0.00268697	
9	1.0931	0.406747	0.185994	0.00944812	-0.00531066	-1.96083	0.00224057	0.00215813	0.00334938	0.00762099	0.00369214	0.00267745	
10	1.09315	0.4074	0.185622	0.00902467	-0.00576039	-1.96087	0.00305455	0.00180435	0.00416528	0.00942339	0.00479063	0.00343351	
0	1.11791	0.398822	0.201585	-0.0367632	0.045119	-1.95939	0.0291355	0.0290796	0.0297497	0.0543685	0.0510511	0.0485084	
0	1.11791	0.398822	0.201585	-0.0367632	0.045119	-1.95939	0.0291355	0.0290796	0.0297497	0.0543685	0.0510511	0.0485084	
1	1.10194	0.406046	0.201317	-0.0344163	0.0489083	-1.98392	0.0225021	0.0235558	0.0271888	0.0587453	0.0450556	0.0423375	
2	1.09647	0.404518	0.209649	-0.030867	0.0240463	-1.98057	0.0259828	0.0240742	0.0299064	0.0675744	0.0370796	0.0471473	
3	1.09358	0.407386	0.208935	-0.0257322	0.0229485	-1.97148	0.0201817	0.0205074	0.031941	0.0734841	0.039041	0.0439623	
4	1.09161	0.411213	0.210243	-0.0224379	0.0248816	-1.96332	0.012858	0.00908646	0.0383581	0.0807479	0.0468974	0.0116461	
5	1.09627	0.406631	0.192784	0.0241787	0.00162438	-1.96076	0.0135293	0.00757584	0.036443	0.077765	0.0422106	0.0133945	
6	1.0939	0.407237	0.190109	0.0183046	-0.00117274	-1.96025	0.0120442	0.00554748	0.0339579	0.072403	0.0399038	0.0105055	
7	1.09448	0.40542	0.185989	0.0101211	-0.00595443	-1.96376	0.00427478	0.00415867	0.00540517	0.0140734	0.00839841	0.0070399	
8	1.09478	0.405046	0.186788	0.01212	-0.00498908	-1.96437	0.00519411	0.00408817	0.00526825	0.0150313	0.00543458	0.00834814	
9	1.09334	0.406447	0.186762	0.012171	-0.00494423	-1.96115	0.00384088	0.00257818	0.00603433	0.0170494	0.00628074	0.00223884	
10	1.09458	0.406596	0.187381	0.0135404	-0.00430909	-1.96181	0.00427244	0.00160782	0.00753902	0.0207445	0.00790142	0.00233002	
0	1.1221	0.40063	0.200587	-0.0433796	0.0467154	-1.96208	0.0301584	0.0293829	0.0298424	0.048166	0.051449	0.0509396	
0	1.1221	0.40063	0.200587	-0.0433796	0.0467154	-1.96208	0.0301584	0.0293829	0.0298424	0.048166	0.051449	0.0509396	
1	1.10624	0.406484	0.199332	-0.0396255	0.0488756	-1.99076	0.0235239	0.022354	0.0295479	0.0559266	0.0526471	0.0410058	
2	1.10511	0.40465	0.207515	-0.0351191	0.0193316	-1.99655	0.0252675	0.0221357	0.0323673	0.0577499	0.0370785	0.0443717	
3	1.09726	0.400838	0.210586	-0.0392449	0.0234456	-1.98712	0.0189405	0.0197899	0.0343043	0.062369	0.0391036	0.0425555	
4	1.08902	0.411493	0.208906	-0.0392494	0.0218196	-1.96376	0.0134615	0.00828744	0.0373778	0.0667213	0.0423806	0.00962322	
5	1.08877	0.406126	0.175318	-0.0213561	-0.0172005	-1.96226	0.0157395	0.00705656	0.0258444	0.0764064	0.0268887	0.0100273	
6	1.09118	0.40386	0.173057	-0.0264399	-0.0200384	-1.96583	0.0112769	0.00597845	0.0183592	0.0546836	0.0193069	0.00870838	
7	1.09255	0.406486	0.183428	0.00538732	-0.00982924	-1.96123	0.00971435	0.00762765	0.0121562	0.0337564	0.0146109	0.0100893	
8	1.0918	0.406666	0.180911	-0.00322556	-0.0120796	-1.96186	0.00594022	0.00296525	0.0112251	0.0305613	0.0138117	0.00202017	
9	1.09471	0.406827	0.185309	0.00900593	-0.00633706	-1.96287	0.00270753	0.0036621	0.00530377	0.0099861	0.00693247	0.00238381	
10	1.09468	0.405463	0.184903	0.00854114	-0.00689088	-1.96359	0.00335215	0.00119671	0.00634385	0.0119518	0.00822632	0.00277306	
0	1.12147	0.398164	0.201793	-0.042934	0.0510703	-1.95603	0.0299922	0.0292911	0.0307519	0.0512	0.0490524	0.0509478	
0	1.12147	0.398164	0.201793	-0.042934	0.0510703	-1.95603	0.0299922	0.0292911	0.0307519	0.0512	0.0490524	0.0509478	
1	1.10255	0.405462	0.199394	-0.0330683	0.048913	-1.98196	0.0238237	0.0248585	0.0251004	0.0506082	0.0488918	0.0425664	
2	1.09512	0.403601	0.205912	-0.0382275	0.0176725	-1.98121	0.0265125	0.0267272	0.0272308	0.056298	0.0313356	0.0481366	
3	1.09219	0.405443	0.204783	-0.0364898	0.0165032	-1.97427	0.0219541	0.0235354	0.0275091	0.0578943	0.0314915	0.0512418	
4	1.08782	0.411232	0.204335	-0.0402153	0.0166563	-1.96344	0.0129715	0.00821507	0.0305199	0.0669404	0.0343567	0.00920567	
5	1.09054	0.405798	0.178509	-0.0132697	-0.0137486	-1.9629	0.0138518	0.00725803	0.0211828	0.0649041	0.0218547	0.0105753	
6	1.09005	0.40519	0.174303	-0.0246208	-0.0181974	-1.96453	0.0103685	0.00693032	0.0153205	0.0465336	0.0161683	0.00977917	
7	1.08771	0.407342	0.175045	-0.0221565	-0.0174679	-1.96163	0.0101208	0.00323838	0.0177935	0.0539974	0.0187681	0.00190197	
8	1.09331	0.406091	0.184412	0.00766721	-0.00757443	-1.96196	0.00211307	0.0026512	0.00558375	0.0101988	0.00888602	0.00233133	
9	1.09332	0.405731	0.18371	0.00673388	-0.00867778	-1.96255	0.00217271	0.00300882	0.00557894	0.0121908	0.00577597	0.00276278	
10	1.09268	0.406565	0.182841	0.00429878	-0.00931765	-1.96184	0.00248884	0.00185325	0.00667807	0.0147682	0.00694207	0.0030903	
0	1.11822	0.397276	0.199006	-0.0403741	0.05118	-1.96203	0.0303259	0.0293345	0.0300293	0.0487197	0.0511447	0.0515362	
0	1.11822	0.397276	0.199006	-0.0403741	0.05118	-1.96203	0.0303259	0.0293345	0.0300293	0.0487197	0.0511447	0.0515362	
1	1.12275	0.404336	0.203429	-0.0402548	0.0472369	-1.9613	0.0225117	0.0187414	0.0250549	0.0513578	0.0554165	0.0495379	
2	1.10698	0.403539	0.201211	-0.0375352	0.0689917	-1.99751	0.0193034	0.0197536	0.0275284	0.0545562	0.0546481	0.042322	
3	1.1005	0.398596	0.211857	-0.0218021	0.0243537	-1.99444	0.0154231	0.0172121	0.0274245	0.0618922	0.0310648	0.0379175	
4	1.09069	0.412221	0.209008	-0.00693496	0.0206722	-1.96012	0.0108585	0.00802383	0.0345699	0.0744513	0.038575	0.00889557	
5	1.092	0.408348	0.186589	0.0148249	-0.00573114	-1.95877	0.0123389	0.00665458	0.0293922	0.0758958	0.0300782	0.0105805	
6	1.08645	0.407989	0.169435	-0.02973	-0.0228921	-1.96148	0.0124762	0.00858688	0.0198337	0.0516202	0.0201352	0.0123863	
7	1.08781	0.407494	0.172389	-0.0217495	-0.0203037	-1.96155	0.0103499	0.00304854	0.0208282	0.0533834	0.0212283	0.00230305	
8	1.09277	0.406481	0.181294	0.00186692	-0.0118527	-1.96218	0.00309993	0.00259666	0.00660806	0.0142389	0.00827999	0.00180613	
9	1.09303	0.406152	0.182561	0.00475007	-0.0101837	-1.96206	0.00358653	0.00135968	0.00739368	0.0156945	0.00922638	0.00233915	
10	1.09324	0.406321	0.183834	0.00719217	-0.00837013	-1.96176	0.00305554	0.0015018	0.00434397	0.0105866	0.00467268	0.00284332	
0	1.11991	0.398566	0.200172	-0.037259	0.0497963	-1.96063	0.0299768	0.0304471	0.0290623	0.049205	0.0481493	0.0507793	
0	1.11991	0.398566	0.200172	-0.037259	0.0497963	-1.96063	0.0299768	0.0304471	0.0290623	0.049205	0.0481493	0.0507793	
1	1.10737	0.402417	0.193176	-0.0253243	0.0634926	-1.98839	0.0241937	0.0235782	0.0276825	0.0509069	0.0437219	0.0441587	
0	1.12009	0.399305	0.199037	-0.0406215	0.0521433	-1.96147	0.029382	0.0292923	0.0304258	0.0510778	0.0509072	0.0486442	
0	1.12009	0.399305	0.199037	-0.0406215	0.0521433	-1.96147	0.029382	0.0292923	0.0304258	0.0510778	0.0509072	0.0486442	
1	1.12167	0.403068	0.202042	-0.0375149	0.0459426	-1.96521	0.0235087	0.0197846	0.0250787	0.0510685	0.0524183	0.0462073	
2	1.10288	0.405099	0.202003	-0.0326072	0.0521076	-1.9863	0.018809	0.0196598	0.025565	0.053109	0.0472471	0.0413116	
3	1.09981	0.399922	0.209288	-0.0270917	0.0261609	-1.9904	0.0194211	0.0216706	0.0267641	0.0550184	0.0361508	0.0454261	
4	1.1061	0.392623	0.191713	0.02091	0.00107987	-1.99325	0.0206654	0.022023	0.0221359	0.0430323	0.0288527	0.0471994	
5	1.09183	0.409288	0.189228	0.0154288	-0.00143277	-1.95741	0.0107923	0.00531982	0.0233802	0.0467141	0.0302946	0.00844869	
6	1.09218	0.40796	0.185418	0.00801946	-0.00654113	-1.95981	0.00777945	0.00632733	0.00422708	0.0103303	0.0059605	0.00896055	
7	1.09011	0.410562	0.186025	0.01068	-0.00636269	-1.95645	0.00250037	0.00360321	0.00559908	0.0121684	0.00841603	0.00410031	
8	1.09078	0.409633	0.187187	0.0128015	-0.00425138	-1.95742	0.00278296	0.00401704	0.00570135	0.0145383	0.00612726	0.00444359	
9	1.09194	0.408382	0.189069	0.0174818	-0.00246481	-1.95854	0.00293922	0.0018593	0.00675857	0.0173673	0.00729647	0.00391445	
10	1.09157	0.408282	0.188167	0.0159388	-0.00350395	-1.95849	0.00338928	0.000791479	0.00795538	0.019608	0.00880553	0.00148162	
0	1.12229	0.398583	0.200213	-0.0383541	0.0475178	-1.95841	0.0304346	0.0289759	0.031545	0.0508708	0.0519059	0.0524374	
0	1.12229	0.398583	0.200213	-0.0383541	0.0475178	-1.95841	0.0304346	0.0289759	0.031545	0.0508708	0.0519059	0.0524374	
1	1.10585	0.403062	0.191661	-0.0340648	0.0597134	-1.98664	0.0230914	0.0236714	0.0262178	0.0529963	0.0463731	0.0404368	
0	1.12102	0.40278	0.20024	-0.0430474	0.0488914	-1.95763	0.0302792	0.0293961	0.028465	0.050773	0.049688	0.0494894	
0	1.12102	0.40278	0.20024	-0.0430474	0.0488914	-1.95763	0.0302792	0.0293961	0.028465	0.050773	0.049688	0.0494894	
1	1.12109	0.406549	0.202131	-0.0441665	0.0508919	-1.95889	0.0227197	0.0190718	0.0243864	0.0491204	0.0520255	0.0443902	
2	1.10176	0.410549	0.196335	-0.0437174	0.0646647	-1.97952	0.020139	0.0213476	0.0248919	0.0542055	0.0519662	0.045121	
0	1.11991	0.399012	0.199657	-0.0361003	0.0478017	-1.96392	0.0294821	0.0296738	0.030182	0.0476889	0.0480245	0.050367	
0	1.11991	0.399012	0.199657	-0.0361003	0.0478017	-1.96392	0.0294821	0.0296738	0.030182	0.0476889	0.0480245	0.050367	
1	1.11966	0.40174	0.200616	-0.0353638	0.0406995	-1.96893	0.022888	0.0190766	0.0255104	0.0500597	0.0474741	0.0477721	
2	1.10309	0.402627	0.200213	-0.0326132	0.0437654	-1.98965	0.0189717	0.0201512	0.0262935	0.0533736	0.0470612	0.0433204	
3	1.09979	0.399723	0.208395	-0.0259007	0.0227503	-1.98952	0.0186817	0.0209415	0.0275422	0.0544208	0.0343341	0.0463926	
4	1.09032	0.411648	0.207646	-0.026709	0.0221137	-1.96326	0.0102262	0.00787547	0.0309674	0.0638995	0.0384814	0.00735812	
5	1.0931	0.405336	0.183191	0.00482899	-0.00967707	-1.96278	0.0106095	0.00475369	0.0233011	0.0562074	0.027164	0.00703891	
6	1.09362	0.404518	0.181593	0.0016058	-0.0119864	-1.96407	0.00846458	0.00483828	0.0137273	0.0330213	0.0160222	0.00766374	
7	1.09331	0.405857	0.183017	0.00516794	-0.0103068	-1.96226	0.00788564	0.00274254	0.0165767	0.0402116	0.018773	0.00307748	
8	1.09487	0.406556	0.187099	0.0139733	-0.00477401	-1.96151	0.00507364	0.00311399	0.0108654	0.0277537	0.0106938	0.00314134	
9	1.09519	0.40638	0.187657	0.0160973	-0.00415679	-1.96151	0.00265801	0.00330068	0.00287143	0.00823425	0.00312609	0.00325827	
10	1.09565	0.406637	0.187547	0.01675	-0.00442367	-1.96215	0.00338297	0.0022624	0.00376228	0.0108982	0.00412989	0.0037933	
0	1.11735	0.401994	0.20058	-0.0415473	0.0494711	-1.961	0.0292175	0.0306336	0.0310071	0.0499926	0.0479145	0.0487229	
0	1.11735	0.401994	0.20058	-0.0415473	0.0494711	-1.961	0.0292175	0.0306336	0.0310071	0.0499926	0.0479145	0.0487229	
1	1.10095	0.40845	0.199486	-0.0409411	0.0491384	-1.97984	0.0222509	0.0238081	0.0267837	0.0540397	0.0477631	0.0405922	
2	1.09552	0.406806	0.208315	-0.0332785	0.0197638	-1.97757	0.022195	0.0239648	0.0297827	0.0615863	0.0331139	0.0441429	
